{\rtf1\ansi\ansicpg1252\cocoartf2580
\cocoatextscaling0\cocoaplatform0{\fonttbl\f0\fnil\fcharset0 Menlo-Regular;}
{\colortbl;\red255\green255\blue255;\red25\green25\blue25;\red255\green255\blue255;}
{\*\expandedcolortbl;;\cssrgb\c12941\c12941\c12941;\cssrgb\c100000\c100000\c100000;}
\margl1440\margr1440\vieww11520\viewh8400\viewkind0
\deftab720
\pard\pardeftab720\partightenfactor0

\f0\fs28 \cf2 \cb3 \expnd0\expndtw0\kerning0
(\{'acc': 0.6089238845144357,\
  'confusion_abs': [[276, 5, 15, 5, 13, 88],\
   [64, 16, 5, 14, 19, 37],\
   [6, 1, 65, 0, 1, 21],\
   [17, 0, 0, 194, 7, 38],\
   [25, 7, 15, 9, 145, 117],\
   [38, 1, 11, 32, 69, 430]],\
  'labels': [0, 1, 2, 3, 4, 5],\
  'macro-f1': 0.5502361463156171,\
  'macro-precision': 0.6064237755667395,\
  'macro-recall': 0.5496339000548282,\
  'micro-f1': 0.6089238845144357,\
  'micro-precision': 0.6089238845144357,\
  'micro-recall': 0.6089238845144357,\
  'per-label-f1': [0.6579261025029797,\
   0.16243654822335027,\
   0.625,\
   0.7475915221579962,\
   0.5061082024432809,\
   0.6413124533929904],\
  'per-label-precision': [0.6330275229357798,\
   0.5333333333333333,\
   0.5701754385964912,\
   0.7376425855513308,\
   0.5708661417322834,\
   0.5702917771883289],\
  'per-label-recall': [0.684863523573201,\
   0.09580838323353294,\
   0.6914893617021277,\
   0.7578125,\
   0.45454545454545453,\
   0.7325383304940375],\
  'weighted-f1': 0.5882910533853797,\
  'weighted-precision': 0.6053638134918031,\
  'weighted-recall': 0.6089238845144357\},\
 [[68.66, 1.24, 3.73, 1.24, 3.23, 21.89],\
  [41.29, 10.32, 3.23, 9.03, 12.26, 23.87],\
  [6.38, 1.06, 69.15, 0.0, 1.06, 22.34],\
  [6.64, 0.0, 0.0, 75.78, 2.73, 14.84],\
  [7.86, 2.2, 4.72, 2.83, 45.6, 36.79],\
  [6.54, 0.17, 1.89, 5.51, 11.88, 74.01]],\
 '              precision    recall  f1-score   support\\n\\n           0     0.6330    0.6849    0.6579       403\\n           1     0.5333    0.0958    0.1624       167\\n           2     0.5702    0.6915    0.6250        94\\n           3     0.7376    0.7578    0.7476       256\\n           4     0.5709    0.4545    0.5061       319\\n           5     0.5703    0.7325    0.6413       587\\n           6     0.6296    0.4304    0.5113        79\\n\\n    accuracy                         0.6089      1905\\n   macro avg     0.6064    0.5496    0.5502      1905\\nweighted avg     0.6054    0.6089    0.5883      1905\\n')\
\
\
