{\rtf1\ansi\ansicpg1252\cocoartf2580
\cocoatextscaling0\cocoaplatform0{\fonttbl\f0\fnil\fcharset0 Menlo-Regular;}
{\colortbl;\red255\green255\blue255;\red25\green25\blue25;\red255\green255\blue255;}
{\*\expandedcolortbl;;\cssrgb\c12941\c12941\c12941;\cssrgb\c100000\c100000\c100000;}
\margl1440\margr1440\vieww11520\viewh8400\viewkind0
\deftab720
\pard\pardeftab720\partightenfactor0

\f0\fs28 \cf2 \cb3 \expnd0\expndtw0\kerning0
(\{'acc': 0.6078740157480315,\
  'confusion_abs': [[249, 3, 16, 8, 18, 109],\
   [66, 22, 4, 11, 18, 38],\
   [5, 0, 65, 0, 2, 22],\
   [13, 0, 3, 209, 6, 25],\
   [24, 8, 19, 12, 149, 107],\
   [27, 2, 11, 44, 65, 436]],\
  'labels': [0, 1, 2, 3, 4, 5],\
  'macro-f1': 0.550068927146827,\
  'macro-precision': 0.6280652211282858,\
  'macro-recall': 0.5459675654895688,\
  'micro-f1': 0.6078740157480315,\
  'micro-precision': 0.6078740157480315,\
  'micro-recall': 0.6078740157480315,\
  'per-label-f1': [0.6240601503759399,\
   0.21782178217821782,\
   0.6103286384976525,\
   0.7586206896551723,\
   0.5155709342560553,\
   0.6454478164322724],\
  'per-label-precision': [0.6303797468354431,\
   0.6285714285714286,\
   0.5462184873949579,\
   0.7084745762711865,\
   0.5752895752895753,\
   0.5706806282722513],\
  'per-label-recall': [0.6178660049627791,\
   0.1317365269461078,\
   0.6914893617021277,\
   0.81640625,\
   0.4670846394984326,\
   0.7427597955706985],\
  'weighted-f1': 0.5882452645045465,\
  'weighted-precision': 0.6133574412155577,\
  'weighted-recall': 0.6078740157480315\},\
 [[61.79, 0.74, 3.97, 1.99, 4.47, 27.05],\
  [41.51, 13.84, 2.52, 6.92, 11.32, 23.9],\
  [5.32, 0.0, 69.15, 0.0, 2.13, 23.4],\
  [5.08, 0.0, 1.17, 81.64, 2.34, 9.77],\
  [7.52, 2.51, 5.96, 3.76, 46.71, 33.54],\
  [4.62, 0.34, 1.88, 7.52, 11.11, 74.53]],\
 '              precision    recall  f1-score   support\\n\\n           0     0.6304    0.6179    0.6241       403\\n           1     0.6286    0.1317    0.2178       167\\n           2     0.5462    0.6915    0.6103        94\\n           3     0.7085    0.8164    0.7586       256\\n           4     0.5753    0.4671    0.5156       319\\n           5     0.5707    0.7428    0.6454       587\\n           6     0.7368    0.3544    0.4786        79\\n\\n    accuracy                         0.6079      1905\\n   macro avg     0.6281    0.5460    0.5501      1905\\nweighted avg     0.6134    0.6079    0.5882      1905\\n')}