{\rtf1\ansi\ansicpg1252\cocoartf2580
\cocoatextscaling0\cocoaplatform0{\fonttbl\f0\fnil\fcharset0 Menlo-Regular;}
{\colortbl;\red255\green255\blue255;\red25\green25\blue25;\red255\green255\blue255;}
{\*\expandedcolortbl;;\cssrgb\c12941\c12941\c12941;\cssrgb\c100000\c100000\c100000;}
\margl1440\margr1440\vieww11520\viewh8400\viewkind0
\deftab720
\pard\pardeftab720\partightenfactor0

\f0\fs28 \cf2 \cb3 \expnd0\expndtw0\kerning0
(\{'acc': 0.589501312335958,\
  'confusion_abs': [[271, 4, 14, 5, 11, 98],\
   [65, 18, 7, 5, 12, 49],\
   [5, 0, 68, 1, 1, 19],\
   [12, 0, 0, 197, 9, 36],\
   [28, 9, 13, 9, 121, 138],\
   [41, 1, 10, 43, 72, 413]],\
  'labels': [0, 1, 2, 3, 4, 5],\
  'macro-f1': 0.5445214731603191,\
  'macro-precision': 0.6038070798494642,\
  'macro-recall': 0.5427289063467454,\
  'micro-f1': 0.589501312335958,\
  'micro-precision': 0.589501312335958,\
  'micro-recall': 0.589501312335958,\
  'per-label-f1': [0.6506602641056424,\
   0.18090452261306533,\
   0.6601941747572816,\
   0.7547892720306514,\
   0.44322344322344326,\
   0.6033601168736303],\
  'per-label-precision': [0.6302325581395349,\
   0.5625,\
   0.6071428571428571,\
   0.7406015037593985,\
   0.5330396475770925,\
   0.5281329923273658],\
  'per-label-recall': [0.6724565756823822,\
   0.10778443113772455,\
   0.723404255319149,\
   0.76953125,\
   0.3793103448275862,\
   0.7035775127768313],\
  'weighted-f1': 0.5691522717764038,\
  'weighted-precision': 0.590034303694133,\
  'weighted-recall': 0.589501312335958\},\
 [[67.25, 0.99, 3.47, 1.24, 2.73, 24.32],\
  [41.67, 11.54, 4.49, 3.21, 7.69, 31.41],\
  [5.32, 0.0, 72.34, 1.06, 1.06, 20.21],\
  [4.72, 0.0, 0.0, 77.56, 3.54, 14.17],\
  [8.81, 2.83, 4.09, 2.83, 38.05, 43.4],\
  [7.07, 0.17, 1.72, 7.41, 12.41, 71.21]],\
 '              precision    recall  f1-score   support\\n\\n           0     0.6302    0.6725    0.6507       403\\n           1     0.5625    0.1078    0.1809       167\\n           2     0.6071    0.7234    0.6602        94\\n           3     0.7406    0.7695    0.7548       256\\n           4     0.5330    0.3793    0.4432       319\\n           5     0.5281    0.7036    0.6034       587\\n           6     0.6250    0.4430    0.5185        79\\n\\n    accuracy                         0.5895      1905\\n   macro avg     0.6038    0.5427    0.5445      1905\\nweighted avg     0.5900    0.5895    0.5692      1905\\n')}